742.945129 326.422363
741.629578 405.257263
739.814636 484.009216
738.966187 563.576782
737.603394 641.963135
737.266602 719.905701
736.868652 797.463562
737.157898 873.161194
736.465332 947.845093
660.436096 315.701233
658.494141 397.629486
657.275879 478.723022
656.686340 560.671326
655.578979 641.255798
655.648438 721.323364
655.238220 800.765686
655.653625 878.619263
656.326538 954.537903
572.007996 305.557037
570.777954 389.394165
569.620361 473.408661
569.214111 557.407593
568.837708 640.584167
569.272827 722.238525
569.598083 804.437500
570.476013 883.575867
571.314819 962.511108
477.428802 294.270325
476.776489 380.717468
476.338562 467.251007
475.794647 553.895020
476.394531 639.345520
477.149231 723.629028
477.632446 808.218994
479.553223 889.529053
481.183746 970.899475
377.163788 281.144318
377.250458 371.265839
377.688507 461.074829
377.540558 550.176086
378.666931 637.876221
379.794922 724.918274
381.196777 810.990479
383.588135 896.040649
385.580994 979.669312
270.546021 268.134399
271.708557 361.327332
271.775269 453.175262
272.673828 545.944092
273.987762 636.849609
276.184082 726.647034
278.750061 815.392212
280.799133 903.165222
284.162842 988.455261
