1379.961182 263.134827
1376.502686 364.884308
1374.990601 468.470276
1372.216187 571.465576
1368.618164 673.355713
1364.627319 774.234741
1361.318115 874.251282
1357.504272 970.664001
1353.681274 1065.316772
1283.500610 276.198212
1281.191284 373.929901
1278.536865 472.344788
1276.187134 571.458984
1274.171509 668.739868
1270.882690 764.593994
1267.830444 859.465637
1264.788940 952.869873
1262.740356 1042.725220
1195.969727 289.628662
1195.281006 383.215973
1192.724365 476.585449
1191.525269 570.969482
1189.593506 663.348511
1186.669312 755.476379
1184.983032 845.992737
1181.975220 934.939758
1180.893066 1021.320374
1116.434937 302.591766
1115.460205 391.595825
1113.094238 480.896942
1113.025879 571.011963
1111.302246 658.882507
1108.829468 746.945801
1108.096313 833.780090
1106.306274 919.130737
1105.171753 1002.181274
1045.726563 314.362335
1042.673340 398.799805
1042.772705 485.337280
1041.000000 570.480103
1041.828979 655.167053
1040.300049 738.811829
1038.093994 821.697937
1037.614014 904.025024
1036.269165 982.784729
979.828735 325.525208
979.337769 407.038177
977.228699 488.391327
978.193726 570.625000
976.274963 651.149902
975.443665 731.429016
975.790649 810.792969
973.643494 888.963684
974.594910 965.593323
