1881.718018 216.653412
1877.710815 316.986084
1872.589111 419.076263
1866.847656 520.397095
1861.104858 619.721436
1854.848755 718.881714
1849.005615 816.083923
1842.545166 912.080933
1835.417969 1005.605042
1765.404175 229.113831
1761.192017 326.062164
1757.204468 422.593964
1752.476074 519.664185
1748.124634 615.457825
1742.468140 709.275940
1737.301636 803.093689
1731.149658 894.639221
1725.644775 983.631104
1659.196167 241.483017
1656.005127 334.659637
1652.578247 426.725708
1649.031860 518.931824
1644.826172 610.275391
1640.130493 699.995178
1635.796143 789.443787
1630.640503 877.708801
1626.094360 962.908813
1561.265503 252.736557
1558.935547 342.351135
1556.276123 429.834747
1553.658447 518.973206
1549.753418 605.659668
1546.485229 692.017212
1541.817383 777.488098
1537.730469 862.649536
1533.381836 944.278198
1473.224243 264.209717
1470.300293 348.258392
1468.724487 433.261444
1466.119385 517.759033
1463.773315 602.083679
1460.961426 684.638062
1456.787231 767.088867
1453.174072 847.888489
1449.572876 927.150208
1391.467773 274.138550
1390.152344 354.633850
1387.906006 435.813995
1386.550903 517.516602
1383.550171 597.787964
1381.150391 677.665344
1378.586426 756.572998
1374.596680 835.151550
1371.601807 910.468872
