1143.883545 270.629303
1142.363037 349.772461
1139.346436 429.154266
1137.820679 509.205719
1134.769653 588.462952
1132.656860 666.609741
1131.148804 745.206909
1127.402710 821.289551
1124.424316 897.076294
1071.587402 258.903625
1068.657349 340.816254
1067.499512 422.958252
1064.619873 505.632324
1062.830322 587.468384
1061.314575 668.751953
1058.462524 748.883362
1056.081055 828.151917
1052.578247 905.169373
993.661804 247.263535
992.258850 331.727722
988.961060 416.804840
987.185242 502.189453
985.524963 586.361816
983.514404 669.868469
981.778625 753.400146
979.128723 833.575073
977.130615 913.533203
911.207703 235.077240
908.263611 322.392181
906.619324 409.806732
904.482117 498.266846
902.651855 585.311523
901.106262 671.677551
899.874512 757.253540
897.697266 840.356140
896.849792 922.505737
823.284241 222.389297
820.433350 312.598297
818.220276 403.352081
816.437988 493.855865
814.679993 583.619324
813.510132 673.157898
812.765076 760.875977
812.211426 846.674805
811.717224 931.356567
729.415588 208.415161
726.830566 302.919098
725.119995 395.910065
723.290833 489.722046
722.231018 582.715393
721.385071 674.371643
721.240356 764.843811
720.952637 853.367798
721.518799 940.215393
