426.165131 238.865448
471.901917 231.963196
522.948730 220.606247
578.619019 210.150665
638.284973 197.047256
428.864685 299.724457
475.105164 293.611206
525.304077 286.277161
579.746216 278.816956
640.848022 270.632355
431.574036 359.950836
476.918213 355.723694
527.453796 352.510712
581.378418 348.050232
642.648926 342.573212
433.364441 418.672455
479.973724 418.525543
529.305969 416.218323
583.646240 414.866119
643.933044 413.558075
435.763947 478.369598
481.556366 478.415344
529.684814 479.159607
586.180298 482.064423
645.100586 482.769531
436.811523 537.847656
482.398895 539.460449
531.747253 547.085938
587.586670 549.004272
649.385071 554.580566
439.715424 596.758728
486.295288 602.842712
535.616394 609.517822
590.694580 617.949341
651.577332 626.385254
