110.673431 212.294327
175.751480 221.667679
235.805756 228.356842
289.999664 234.274536
337.471985 240.924957
113.711189 288.291412
179.812347 291.753326
238.217026 296.025513
291.621765 299.162384
339.777863 301.375641
117.667358 361.707977
183.619995 360.996002
241.961014 363.276398
293.670929 362.807617
342.608429 363.581268
120.831451 435.073364
185.168900 431.114136
243.142456 428.879333
296.681610 426.480774
343.608398 422.315033
123.381454 508.407806
187.619415 500.681458
245.837097 494.023132
298.540985 486.190613
345.742096 482.091705
125.046127 581.572632
190.014755 570.278503
248.537628 557.727173
297.938293 549.459778
346.319214 541.944946
126.504105 654.440369
191.144455 639.048889
250.518967 626.089966
301.299866 611.769531
347.855896 602.644897
