248.385895 178.294205
306.910767 187.517975
362.273560 193.453247
411.266937 198.918076
454.697906 204.636780
250.875641 253.252090
310.699707 256.354706
364.787598 259.162872
412.758636 263.431854
456.457581 265.342224
254.701401 325.912354
313.829590 325.103973
367.395782 327.313721
414.206146 326.361633
460.221191 327.494965
257.024200 398.391541
316.089569 394.951660
367.415009 392.600494
417.534668 390.774780
459.919464 385.508881
259.220367 469.965454
317.365448 463.315094
371.512817 456.775177
419.128601 448.548828
460.414429 442.784088
260.768951 542.378906
319.444214 531.935791
371.812927 520.754333
418.577271 512.253052
462.932220 504.948181
262.255859 614.623718
320.791626 600.023499
374.553894 587.636536
421.542358 574.429565
465.254669 566.918396
