110.673492 212.294418
175.751404 221.667770
235.805756 228.356857
289.999664 234.274521
337.472015 240.924973
113.711121 288.291473
179.812347 291.753326
238.218842 296.023804
291.621765 299.162384
339.777893 301.375610
117.667351 361.707977
183.619995 360.995972
241.960999 363.276367
293.670929 362.807648
342.608429 363.581268
120.831375 435.073456
185.168961 431.114227
243.142502 428.879303
296.681610 426.480743
343.608459 422.314972
123.381416 508.407776
187.619324 500.681580
245.837036 494.023041
298.540985 486.190613
345.742218 482.091797
125.046089 581.572632
190.014557 570.278381
248.537628 557.727173
297.938263 549.459717
346.319214 541.944946
126.504044 654.440430
191.144440 639.048950
250.518967 626.089966
301.299866 611.769531
347.855896 602.644897
