1558.227783 633.441833
1676.570068 604.478821
1810.092651 571.992676
1963.455200 535.504578
2139.189941 493.143677
1560.745361 758.956848
1678.846436 737.475159
1813.497314 714.118958
1966.322144 687.004211
2141.586182 656.337524
1563.527588 883.387024
1681.713013 871.350952
1816.079102 855.314270
1968.988403 838.461304
2144.475586 818.642822
1567.004150 1008.343933
1684.263062 1001.645081
1819.295166 996.082275
1971.817139 988.565979
2147.258789 980.064880
1568.917725 1130.621948
1688.431030 1133.950806
1821.762695 1135.646118
1975.150879 1138.251221
2149.802490 1140.962891
1572.752686 1256.398071
1691.504028 1264.813110
1824.758423 1276.051270
1977.747070 1287.432007
2153.171631 1301.312012
1576.074219 1378.127319
1695.170166 1395.233276
1828.016113 1413.750122
1982.174194 1435.527100
2155.211670 1460.520996
