871.255798 570.598694
1010.093445 590.532349
1132.807983 611.515259
1243.730347 629.958679
1346.928345 644.684875
876.078491 722.224487
1014.185608 735.792908
1138.577515 745.702271
1249.881470 759.558777
1349.560669 768.636597
882.181580 872.436829
1018.659424 877.482910
1142.350098 883.256592
1253.260986 885.817383
1354.348511 890.763794
887.500916 1021.366150
1023.726135 1019.214966
1146.017700 1016.578979
1256.227783 1013.557312
1358.225830 1011.908936
892.939575 1170.204224
1028.262573 1159.430176
1149.518799 1149.858398
1260.905762 1141.642944
1360.509277 1132.975098
898.236755 1316.683838
1032.581665 1299.048950
1154.913086 1282.422852
1264.823608 1268.717407
1365.454712 1254.490112
902.852051 1463.776367
1037.595459 1437.937256
1158.816162 1415.761597
1268.959473 1393.683472
1368.528076 1375.783203
