1294.911011 610.337708
1397.927246 581.386169
1511.159424 546.523438
1645.281006 510.470428
1796.343506 465.340668
1299.573853 736.619629
1401.559326 713.861816
1517.691040 690.126831
1647.829834 660.582764
1801.165527 629.796692
1304.393433 861.134094
1405.940796 848.189575
1521.717896 830.327209
1653.740112 813.083496
1804.670044 790.804138
1308.746948 985.553223
1409.266846 976.281494
1526.673828 971.323364
1657.935547 961.770081
1809.784424 952.880310
1311.679321 1106.770630
1415.956177 1109.799561
1529.990234 1108.508545
1663.100342 1111.961548
1813.986572 1111.914551
1318.968140 1231.848145
1419.843018 1238.892944
1535.520020 1250.786133
1668.196045 1259.650269
1819.121338 1272.926880
1322.703003 1353.465210
1425.604492 1370.684204
1541.487183 1387.446655
1674.108521 1407.682861
1824.513672 1430.339233
