556.571960 554.934143
710.738159 574.977783
849.672241 592.434753
976.673157 608.070251
1087.771118 621.951965
563.988831 706.087524
717.852112 717.666565
856.621704 728.279236
981.378174 738.747864
1094.709839 746.999023
572.232727 855.806519
724.896118 859.910034
861.951294 862.986633
986.785461 866.701233
1099.852051 869.371338
579.833740 1005.142700
731.829834 1000.949097
868.495239 997.782227
991.417786 993.271912
1104.943604 991.301208
587.476807 1152.776978
738.937317 1141.449463
873.789063 1130.326050
997.873535 1121.742065
1109.368164 1111.547485
595.598755 1299.836548
745.363831 1280.337769
881.679077 1262.923218
1002.935852 1246.694946
1115.900757 1232.937012
602.494507 1445.688965
752.800842 1419.247192
887.612061 1395.145508
1009.704163 1373.378662
1121.412598 1354.096313
