112.295753 211.197617
176.964279 220.746658
237.231705 227.300537
291.061829 233.446884
338.846832 239.940887
115.316856 287.203552
181.356873 290.584869
240.039337 294.468903
292.601563 297.721222
341.361694 299.825134
119.322273 360.307800
185.301819 359.840637
243.422394 361.941956
295.167999 361.649689
343.785522 362.301788
122.696373 433.364685
187.016113 429.949738
244.582047 427.625183
298.513000 425.448151
344.736938 421.312622
125.029259 506.988953
189.502426 499.145050
247.564209 492.643250
300.218140 484.614441
346.802917 480.491089
127.042465 579.714905
191.432571 568.313538
249.875870 556.421143
299.694855 548.300415
347.537079 540.857178
128.495041 652.676086
192.965286 637.261414
252.340546 624.666748
302.916351 610.069519
348.989929 600.512756
