543.120483 201.981537
589.651550 194.281052
647.412292 182.547913
706.368591 170.692719
770.901917 155.169662
545.352905 261.183380
594.122742 254.512512
648.851013 246.545090
706.614319 239.119293
773.294678 231.694427
547.346436 321.114288
596.185181 316.981323
650.817627 314.771210
708.076965 309.722076
776.793030 303.671600
548.036255 381.786346
600.543335 380.357849
653.175232 376.602142
711.482117 376.148621
777.309326 374.483521
551.917847 440.284912
601.315796 438.715240
651.733459 439.400269
714.052551 443.678253
777.907593 444.226318
552.434692 498.021149
601.691040 500.702820
655.488037 508.444824
715.139221 510.556702
783.479126 516.276123
556.074707 557.664612
605.462830 565.875488
660.145447 572.521851
718.372375 580.315796
784.335754 588.397278
