427.344513 237.779449
472.643921 231.282394
524.142517 219.640320
579.677917 208.888565
639.393127 195.824692
430.137878 298.359344
475.817169 292.463654
526.344971 284.929749
580.961731 277.739136
641.536560 269.664185
432.598419 358.664246
478.133423 354.411224
528.598511 351.272766
582.328796 346.752228
643.727783 341.458374
434.133331 417.779663
481.372253 417.429565
530.126404 415.096344
584.699341 413.690002
644.868652 412.207794
436.594177 476.540375
483.117554 476.604279
530.755005 477.586029
586.822021 480.831726
645.928894 481.372070
438.021210 536.444702
483.334686 537.767151
533.594971 544.593811
588.556824 547.456238
650.495178 553.059204
441.059357 595.283203
487.092224 601.791626
537.254822 608.620544
591.628845 616.302368
652.537659 624.643005
