248.816315 176.901978
306.886475 185.770386
363.308533 192.745590
411.823944 197.510071
455.350830 203.483276
250.306168 252.151718
311.183594 254.788544
365.481354 255.814423
414.839386 263.635315
456.078979 264.661407
255.528061 324.334259
315.218109 322.643555
368.263916 326.118286
415.295685 323.996033
462.139923 326.575470
256.663330 397.117035
316.720978 393.207062
367.370026 391.720703
419.376587 390.188843
459.113281 384.441498
260.921143 470.717163
317.429047 462.120270
373.672333 456.434906
419.618988 444.684998
462.725861 441.902588
261.395599 540.523865
319.620300 530.468323
374.435242 517.332642
420.434662 510.887665
462.424438 503.338043
262.641846 612.823669
321.396667 597.557739
375.592590 585.943237
423.250549 570.816223
464.108856 563.606689
