543.264832 202.578171
591.769104 194.620605
647.472046 183.675674
706.734131 171.893768
772.286621 158.586578
545.153503 262.675140
594.365662 256.467865
648.888428 248.322968
707.766235 240.993088
774.300415 232.202209
547.930359 323.260956
595.966736 318.697601
651.189453 315.324890
708.754578 310.702759
775.950745 304.453094
549.369507 381.267883
598.306335 380.727509
652.584656 378.562317
711.311523 377.467865
778.086243 375.838989
551.088074 441.418671
600.481628 442.012665
652.947754 443.143677
714.365417 444.746735
779.252625 447.258942
553.407166 500.043365
601.355042 502.506531
655.832397 510.052246
716.028076 513.364563
783.221436 518.837524
556.398499 560.384583
605.605713 566.535706
659.710144 574.411682
718.632996 582.665771
785.782166 591.495239
